image: mymap.pgm
resolution: 0.050000
origin: [-26.550000, -21.900000, -nan]
negate: 0
occupied_thresh: 0.65
free_thresh: 0.196

